174 211 37 19 42.6742532006 
175 212 37 19 28.4495021337 
176 213 37 19 14.2247510669 
177 214 37 19 28.4495021337 
178 215 37 19 28.4495021337 
178 215 37 19 184.921763869 
179 216 37 19 14.2247510669 
179 216 37 19 14.2247510669 
179 216 37 19 28.4495021337 
255 292 37 19 42.6742532006 
257 294 37 19 14.2247510669 
257 294 37 19 14.2247510669 
258 295 37 19 42.6742532006 
258 295 37 19 142.247510669 
259 296 37 19 14.2247510669 
259 296 37 19 14.2247510669 
260 297 37 19 142.247510669 
260 297 37 19 14.2247510669 
261 298 37 19 56.8990042674 
261 298 37 19 14.2247510669 
261 298 37 19 28.4495021337 
261 298 37 19 42.6742532006 
261 298 37 19 71.1237553343 
262 299 37 19 42.6742532006 
262 299 37 19 28.4495021337 
262 299 37 19 85.3485064011 
263 300 37 19 28.4495021337 
263 300 37 19 42.6742532006 
264 301 37 19 28.4495021337 
265 302 37 19 14.2247510669 
266 303 37 19 14.2247510669 
267 304 37 19 156.472261735 
267 304 37 19 156.472261735 
267 304 37 19 71.1237553343 
284 321 37 19 42.6742532006 
285 322 37 19 14.2247510669 
286 323 37 19 99.573257468 
287 324 37 19 56.8990042674 
288 325 37 19 28.4495021337 
288 325 37 19 28.4495021337 
288 325 37 19 28.4495021337 
289 326 37 19 28.4495021337 
289 326 37 19 28.4495021337 
289 326 37 19 28.4495021337 
290 327 37 19 113.798008535 
290 327 37 19 142.247510669 
290 327 37 19 14.2247510669 
291 328 37 19 14.2247510669 
291 328 37 19 42.6742532006 
291 328 37 19 14.2247510669 
292 329 37 19 28.4495021337 
292 329 37 19 85.3485064011 
292 329 37 19 28.4495021337 
293 330 37 19 128.022759602 
294 331 37 19 14.2247510669 
294 331 37 19 14.2247510669 
294 331 37 19 28.4495021337 
294 331 37 19 28.4495021337 
294 331 37 19 14.2247510669 
295 332 37 19 14.2247510669 
295 332 37 19 56.8990042674 
295 332 37 19 42.6742532006 
296 333 37 19 14.2247510669 
297 334 37 19 14.2247510669 
297 334 37 19 14.2247510669 
298 335 37 19 28.4495021337 
298 335 37 19 14.2247510669 
298 335 37 19 14.2247510669 
302 339 37 19 128.022759602 
302 339 37 19 156.472261735 
303 340 37 19 42.6742532006 
303 340 37 19 28.4495021337 
303 340 37 19 71.1237553343 
304 341 37 19 14.2247510669 
304 341 37 19 42.6742532006 
304 341 37 19 42.6742532006 
305 342 37 19 14.2247510669 
306 343 37 19 14.2247510669 
